邱
L1
10,3
8,3.5
6,4
end
L2
6,4
6,6.5
6,11.5
end
L3
6,6.5
9,6.5
10.5,6.5
end
L4
9,6.5
9,10.5
end
L5
4.5,12
6,11.5
9,10.5
10.5,10
end
L6
12,3
15,3
14,5
13,7
14.5,7.5
15.5,9
14.5,10.5
13,11
12,10
end
L7
12,3
12,14
end

豪
L1
9,2
11,3
end
L2
5.5,3.5
14.5,3.5
end
L3
7.5,4.5
13,4.5
13,6
7.5,6
7.5,4.5
end
L4
6,8.5
6,7
14.5,7
14.5,8.5
end
L5
7,8
9.5,8
13.5,8
end
L6
10,8
7,10
end
L7
10,8
10.5,9
11,10
11.5,11.5
11,12.5
9.5,13
9,12
end
L8
10.5,9
6.75,11.5
end
L9
11,10
6.5,13
end
L1
13,9
11,10
end
L2
11.5,9.75
12.5,11
14.5,12
end
